20090605040000
20090606040000
20090607040000
20090608040000
20090609040000
20090610040000
20090611040000
20090612040000
20090613040000
20090614040000
20090615040000
20090616040000
20090617040000
20090618040000
20090619040000
20090620040000
20090621040000
20090622040000
20090623040000
20090624040000
20090625040000
20090626040000
20090627040000
20090628040000
20090629040000
20090630040000
20090701040000
20090702040000
20090703040000
20090704040000
20090705040000
20090706040000
20090707040000
20090708040000
20090709040000
20090710040000
20090711040000
20090712040000
20090713040000
20090714040000
20090715040000
20090716040000
20090717040000
20090718040000
20090719040000
20090720040000
20090721040000
20090722040000
20090723040000
20090724040000
20090725040000
20090726040000
20090727040000
20090728040000
20090729040000
20090730040000
20090731040000
20090801040000
20090802040000
20090803040000
20090804040000
20090805040000
20090806040000
20090807040000
20090808040000
20090809040000
20090810040000
20090811040000
20090812040000
20090813040000
20090814040000
20090815040000
20090816040000
20090817040000
20090818040000
20090819040000
20090820040000
20090821040000
20090822040000
20090823040000
20090824040000
20090825040000
20090826040000
20090827040000
20090828040000
20090829040000
20090830040000
20090831040000
20090901040000
20090902040000
20090903040000
20090904040000
20090905040000
20090906040000
20090907040000
20090908040000
20090909040000
20090910040000
20090911040000
20090912040000
20090913040000
20090914040000
20090915040000
20090916040000
20090917040000
20090918040000
20090919040000
20090920040000
20090921040000
20090922040000
20090923040000
20090924040000
20090925040000
20090926040000
20090927040000
20090928040000
20090929040000
20090930040000
20091001040000
20091002040000
20091003040000
20091004040000
20091005040000
20091006040000
20091007040000
20091008040000
20091009040000
20091010040000
20091011040000
20091012040000
20091013040000
20091014040000
20091015040000
20091016040000
20091017040000
20091018040000
20091019040000
20091020040000
20091021040000
20091022040000
20091023040000
20091024040000
20091025040000
20091026040000
20091027040000
20091028040000
20091029040000
20091030040000
20091031040000
20091101040000
20091102040000
20091103040000
20091104040000
20091105040000
20091106040000
20091107040000
20091108040000
20091109040000
20091110040000
20091111040000
20091112040000
20091113040000
20091114040000
20091115040000
20091116040000
20091117040000
20091118040000
20091119040000
20091120040000
20091121040000
20091122040000
20091123040000
20091124040000
20091125040000
20091126040000
20091127040000
20091128040000
20091129040000
20091130040000
20091201040000
20091202040000
20091203040000
20091204040000
20091205040000
20091206040000
20091207040000
20091208040000
20091209040000
20091210040000
20091211040000
20091212040000
20091213040000
20091214040000
20091215040000
20091216040000
20091217040000
20091218040000
20091219040000
20091220040000
20091221040000
20091222040000
20091223040000
20091224040000
20091225040000
20091226040000
20091227040000
20091228040000
20091229040000
20091230040000
20091231040000
20100101040000
20100102040000
20100103040000
20100104040000
20100105040000
20100106040000
20100107040000
20100108040000
20100109040000
20100110040000
20100111040000
20100112040000
20100113040000
20100114040000
20100115040000
20100116040000
20100117040000
20100118040000
20100119040000
20100120040000
20100121040000
20100122040000
20100123040000
20100124040000
20100125040000
20100126040000
20100127040000
20100128040000
20100129040000
20100130040000
20100131040000
20100201040000
20100202040000
20100203040000
20100204040000
20100205040000
20100206040000
20100207040000
20100208040000
20100209040000
20100210040000
20100211040000
20100212040000
20100213040000
20100214040000
20100215040000
20100216040000
20100217040000
20100218040000
20100219040000
20100220040000
20100221040000
20100222040000
20100223040000
20100224040000
20100225040000
20100226040000
20100227040000
20100228040000
20100301040000
20100302040000
20100303040000
20100304040000
20100305040000
20100306040000
20100307040000
20100308040000
20100309040000
20100310040000
20100311040000
20100312040000
20100313040000
20100314040000
20100315040000
20100316040000
20100317040000
20100318040000
20100319040000
20100320040000
20100321040000
20100322040000
20100323040000
20100324040000
20100325040000
20100326040000
20100327040000
20100328040000
20100329040000
20100330040000
20100331040000
20100401040000
20100402040000
20100403040000
20100404040000
20100405040000
20100406040000
20100407040000
20100408040000
20100409040000
20100410040000
20100411040000
20100412040000
20100413040000
20100414040000
20100415040000
20100416040000
20100417040000
20100418040000
20100419040000
20100420040000
20100421040000
20100422040000
20100423040000
20100424040000
20100425040000
20100426040000
20100427040000
20100428040000
20100429040000
20100430040000
20100501040000
20100502040000
20100503040000
20100504040000
20100505040000
20100506040000
20100507040000
20100508040000
20100509040000
20100510040000
20100511040000
20100512040000
20100513040000
20100514040000
20100515040000
20100516040000
20100517040000
20100518040000
20100519040000
20100520040000
20100521040000
20100522040000
20100523040000
20100524040000
20100525040000
20100526040000
20100527040000
20100528040000
20100529040000
20100530040000
20100531040000
20100601040000
20100602040000
20100603040000
20100604040000
20100605040000
20100606040000
20100607040000
20100608040000
20100609040000
20100610040000
20100611040000
20100612040000
20100613040000
20100614040000
20100615040000
20100616040000
20100617040000
20100618040000
20100619040000
20100620040000
20100621040000
20100622040000
20100623040000
20100624040000
20100625040000
20100626040000
20100627040000
20100628040000
20100629040000
20100630040000
20100701040000
20100702040000
20100703040000
20100704040000
20100705040000
20100706040000
20100707040000
20100708040000
20100709040000
20100710040000
20100711040000
20100712040000
20100713040000
20100714040000
20100715040000
20100716040000
20100717040000
20100718040000
20100719040000
20100720040000
20100721040000
20100722040000
20100723040000
20100724040000
20100725040000
20100726040000
20100727040000
20100728040000
20100729040000
20100730040000
20100731040000
20100801040000
20100802040000
20100803040000
20100804040000
20100805040000
20100806040000
20100807040000
20100808040000
20100809040000
20100810040000
20100811040000
20100812040000
20100813040000
20100814040000
20100815040000
20100816040000
20100817040000
20100818040000
20100819040000
20100820040000
20100821040000
20100822040000
20100823040000
20100824040000
20100825040000
20100826040000
20100827040000
20100828040000
20100829040000
20100830040000
20100831040000
20100901040000
20100902040000
20100903040000
20100904040000
20100905040000
20100906040000
20100907040000
20100908040000
20100909040000
20100910040000
20100911040000
20100912040000
20100913040000
20100914040000
20100915040000
20100916040000
20100917040000
20100918040000
20100919040000
20100920040000
20100921040000
20100922040000
20100923040000
20100924040000
20100925040000
20100926040000
20100927040000
20100928040000
20100929040000
20100930040000
20101001040000
20101002040000
20101003040000
20101004040000
20101005040000
20101006040000
20101007040000
20101008040000
20101009040000
20101010040000
20101011040000
20101012040000
20101013040000
20101014040000
20101015040000
20101016040000
20101017040000
20101018040000
20101019040000
20101020040000
20101021040000
20101022040000
20101023040000
20101024040000
20101025040000
20101026040000
20101027040000
20101028040000
20101029040000
20101030040000
20101031040000
20101101040000
20101102040000
20101103040000
20101104040000
20101105040000
20101106040000
20101107040000
20101108040000
20101109040000
20101110040000
20101111040000
20101112040000
20101113040000
20101114040000
20101115040000
20101116040000
20101117040000
20101118040000
20101119040000
20101120040000
20101121040000
20101122040000
20101123040000
20101124040000
20101125040000
20101126040000
20101127040000
20101128040000
20101129040000
20101130040000
20101201040000
20101202040000
20101203040000
20101204040000
20101205040000
20101206040000
20101207040000
20101208040000
20101209040000
20101210040000
20101211040000
20101212040000
20101213040000
20101214040000
20101215040000
20101216040000
20101217040000
20101218040000
20101219040000
20101220040000
20101221040000
20101222040000
20101223040000
20101224040000
20101225040000
20101226040000
20101227040000
20101228040000
20101229040000
20101230040000
20101231040000
20110101040000
20110102040000
20110103040000
20110104040000
20110105040000
20110106040000
20110107040000
20110108040000
20110109040000
20110110040000
20110111040000
20110112040000
20110113040000
20110114040000
20110115040000
20110116040000
20110117040000
20110118040000
20110119040000
20110120040000
20110121040000
20110122040000
20110123040000
20110124040000
20110125040000
20110126040000
20110127040000
20110128040000
20110129040000
20110130040000
20110131040000
20110201040000
20110202040000
20110203040000
20110204040000
20110205040000
20110206040000
20110207040000
20110208040000
20110209040000
20110210040000
20110211040000
20110212040000
20110213040000
20110214040000
20110215040000
20110216040000
20110217040000
20110218040000
20110219040000
20110220040000
20110221040000
20110222040000
20110223040000
20110224040000
20110225040000
20110226040000
20110227040000
20110228040000
20110301040000
20110302040000
20110303040000
20110304040000
20110305040000
20110306040000
20110307040000
20110308040000
20110309040000
20110310040000
20110311040000
20110312040000
20110313040000
20110314040000
20110315040000
20110316040000
20110317040000
20110318040000
20110319040000
20110320040000
20110321040000
20110322040000
20110323040000
20110324040000
20110325040000
20110326040000
20110327040000
20110328040000
20110329040000
20110330040000
20110331040000
20110401040000
20110402040000
20110403040000
20110404040000
20110405040000
20110406040000
20110407040000
20110408040000
20110409040000
20110410040000
20110411040000
20110412040000
20110413040000
20110414040000
20110415040000
20110416040000
20110417040000
20110418040000
20110419040000
20110420040000
20110421040000
20110422040000
20110423040000
20110424040000
20110425040000
20110426040000
20110427040000
20110428040000
20110429040000
20110430040000
20110501040000
20110502040000
20110503040000
20110504040000
20110505040000
20110506040000
20110507040000
20110508040000
20110509040000
20110510040000
20110511040000
20110512040000
20110513040000
20110514040000
20110515040000
20110516040000
20110517040000
20110518040000
20110519040000
20110520040000
20110521040000
20110522040000
20110523040000
20110524040000
20110525040000
20110526040000
20110527040000
20110528040000
20110529040000
20110530040000
20110531040000
20110601040000
20110602040000
20110603040000
20110604040000
20110605040000
20110606040000
20110607040000
20110608040000
20110609040000
20110610040000
20110611040000
20110612040000
20110613040000
20110614040000
20110615040000
20110616040000
20110617040000
20110618040000
20110619040000
20110620040000
20110621040000
20110622040000
20110623040000
20110624040000
20110625040000
20110626040000
20110627040000
20110628040000
20110629040000
20110630040000
20110701040000
20110702040000
20110703040000
20110704040000
20110705040000
20110706040000
20110707040000
20110708040000
20110709040000
20110710040000
20110711040000
20110712040000
20110713040000
20110714040000
20110715040000
20110716040000
20110717040000
20110718040000
20110719040000
20110720040000
20110721040000
20110722040000
20110723040000
20110724040000
20110725040000
20110726040000
20110727040000
20110728040000
20110729040000
20110730040000
20110731040000
20110801040000
20110802040000
20110803040000
20110804040000
20110805040000
20110806040000
20110807040000
20110808040000
20110809040000
20110810040000
20110811040000
20110812040000
20110813040000
20110814040000
20110815040000
20110816040000
20110817040000
20110818040000
20110819040000
20110820040000
20110821040000
20110822040000
20110823040000
20110824040000
20110825040000
20110826040000
20110827040000
20110828040000
20110829040000
20110830040000
20110831040000
20110901040000
20110902040000
20110903040000
20110904040000
20110905040000
20110906040000
20110907040000
20110908040000
20110909040000
20110910040000
20110911040000
20110912040000
20110913040000
20110914040000
20110915040000
20110916040000
20110917040000
20110918040000
20110919040000
20110920040000
20110921040000
20110922040000
20110923040000
20110924040000
20110925040000
20110926040000
20110927040000
20110928040000
20110929040000
20110930040000
20111001040000
20111002040000
20111003040000
20111004040000
20111005040000
20111006040000
20111007040000
20111008040000
20111009040000
20111010040000
20111011040000
20111012040000
20111013040000
20111014040000
20111015040000
20111016040000
20111017040000
20111018040000
20111019040000
20111020040000
20111021040000
20111022040000
20111023040000
20111024040000
20111025040000
20111026040000
20111027040000
20111028040000
20111029040000
20111030040000
20111031040000
20111101040000
20111102040000
20111103040000
20111104040000
20111105040000
20111106040000
20111107040000
20111108040000
20111109040000
20111110040000
20111111040000
20111112040000
20111113040000
20111114040000
20111115040000
20111116040000
20111117040000
20111118040000
20111119040000
20111120040000
20111121040000
20111122040000
20111123040000
20111124040000
20111125040000
20111126040000
20111127040000
20111128040000
20111129040000
20111130040000
20111201040000
20111202040000
20111203040000
20111204040000
20111205040000
20111206040000
20111207040000
20111208040000
20111209040000
20111210040000
20111211040000
20111212040000
20111213040000
20111214040000
20111215040000
20111216040000
20111217040000
20111218040000
20111219040000
20111220040000
20111221040000
20111222040000
20111223040000
20111224040000
20111225040000
20111226040000
20111227040000
20111228040000
20111229040000
20111230040000
20111231040000
20120101040000
20120102040000
20120103040000
20120104040000
20120105040000
20120106040000
20120107040000
20120108040000
20120109040000
20120110040000
20120111040000
20120112040000
20120113040000
20120114040000
20120115040000
20120116040000
20120117040000
20120118040000
20120119040000
20120120040000
20120121040000
20120122040000
20120123040000
20120124040000
20120125040000
20120126040000
20120127040000
20120128040000
20120129040000
20120130040000
20120131040000
20120201040000
20120202040000
20120203040000
20120204040000
20120205040000
20120206040000
20120207040000
20120208040000
20120209040000
20120210040000
20120211040000
20120212040000
20120213040000
20120214040000
20120215040000
20120216040000
20120217040000
20120218040000
20120219040000
20120220040000
20120221040000
20120222040000
20120223040000
20120224040000
20120225040000
20120226040000
20120227040000
20120228040000
20120229040000
20120301040000
20120302040000
20120303040000
20120304040000
20120305040000
20120306040000
20120307040000
20120308040000
20120309040000
20120310040000
20120311040000
20120312040000
20120313040000
20120314040000
20120315040000
20120316040000
20120317040000
20120318040000
20120319040000
20120320040000
20120321040000
20120322040000
20120323040000
20120324040000
20120325040000
20120326040000
20120327040000
20120328040000
20120329040000
20120330040000
20120331040000
20120401040000
20120402040000
20120403040000
20120404040000
20120405040000
20120406040000
20120407040000
20120408040000
20120409040000
20120410040000
20120411040000
20120412040000
20120413040000
20120414040000
20120415040000
20120416040000
20120417040000
20120418040000
20120419040000
20120420040000
20120421040000
20120422040000
20120423040000
20120424040000
20120425040000
20120426040000
20120427040000
20120428040000
20120429040000
20120430040000
20120501040000
20120502040000
20120503040000
20120504040000
20120505040000
20120506040000
20120507040000
20120508040000
20120509040000
20120510040000
20120511040000
20120512040000
20120513040000
20120514040000
20120515040000
20120516040000
20120517040000
20120518040000
20120519040000
20120520040000
20120521040000
20120522040000
20120523040000
20120524040000
20120525040000
20120526040000
20120527040000
20120528040000
20120529040000
20120530040000
20120531040000
20120601040000
20120602040000
20120603040000
20120604040000
20120605040000
20120606040000
20120607040000
20120608040000
20120609040000
20120610040000
20120611040000
20120612040000
20120613040000
20120614040000
20120615040000
20120616040000
20120617040000
20120618040000
20120619040000
20120620040000
20120621040000
20120622040000
20120623040000
20120624040000
20120625040000
20120626040000
20120627040000
20120628040000
20120629040000
20120630040000
20120701040000
20120702040000
20120703040000
20120704040000
20120705040000
20120706040000
20120707040000
20120708040000
20120709040000
20120710040000
20120711040000
20120712040000
20120713040000
20120714040000
20120715040000
20120716040000
20120717040000
20120718040000
20120719040000
20120720040000
20120721040000
20120722040000
20120723040000
20120724040000
20120725040000
20120726040000
20120727040000
20120728040000
20120729040000
20120730040000
20120731040000
20120801040000
20120802040000
20120803040000
20120804040000
20120805040000
20120806040000
20120807040000
20120808040000
20120809040000
20120810040000
20120811040000
20120812040000
20120813040000
20120814040000
20120815040000
20120816040000
20120817040000
20120818040000
20120819040000
20120820040000
20120821040000
20120822040000
20120823040000
20120824040000
20120825040000
20120826040000
20120827040000
20120828040000
20120829040000
20120830040000
20120831040000
20120901040000
20120902040000
20120903040000
20120904040000
20120905040000
20120906040000
20120907040000
20120908040000
20120909040000
20120910040000
20120911040000
20120912040000
20120913040000
20120914040000
20120915040000
20120916040000
20120917040000
20120918040000
20120919040000
20120920040000
20120921040000
20120922040000
20120923040000
20120924040000
20120925040000
20120926040000
20120927040000
20120928040000
20120929040000
20120930040000
20121001040000
20121002040000
20121003040000
20121004040000
20121005040000
20121006040000
20121007040000
20121008040000
20121009040000
20121010040000
20121011040000
20121012040000
20121013040000
20121014040000
20121015040000
20121016040000
20121017040000
20121018040000
20121019040000
20121020040000
20121021040000
20121022040000
20121023040000
20121024040000
20121025040000
20121026040000
20121027040000
20121028040000
20121029040000
20121030040000
20121031040000
20121101040000
20121102040000
20121103040000
20121104040000
20121105040000
20121106040000
20121107040000
20121108040000
20121109040000
20121110040000
20121111040000
20121112040000
20121113040000
20121114040000
20121115040000
20121116040000
20121117040000
20121118040000
20121119040000
20121120040000
20121121040000
20121122040000
20121123040000
20121124040000
20121125040000
20121126040000
20121127040000
20121128040000
20121129040000
20121130040000
20121201040000
20121202040000
20121203040000
20121204040000
20121205040000
20121206040000
20121207040000
20121208040000
20121209040000
20121210040000
20121211040000
20121212040000
20121213040000
20121214040000
20121215040000
20121216040000
20121217040000
20121218040000
20121219040000
20121220040000
20121221040000
20121222040000
20121223040000
20121224040000
20121225040000
20121226040000
20121227040000
20121228040000
20121229040000
20121230040000
20121231040000
20130101040000
20130102040000
20130103040000
20130104040000
20130105040000
20130106040000
20130107040000
20130108040000
20130109040000
20130110040000
20130111040000
20130112040000
20130113040000
20130114040000
20130115040000
20130116040000
20130117040000
20130118040000
20130119040000
20130120040000
20130121040000
20130122040000
20130123040000
20130124040000
20130125040000
20130126040000
20130127040000
20130128040000
20130129040000
20130130040000
20130131040000
20130201040000
20130202040000
20130203040000
20130204040000
20130205040000
20130206040000
20130207040000
20130208040000
20130209040000
20130210040000
20130211040000
20130212040000
20130213040000
20130214040000
20130215040000
20130216040000
20130217040000
20130218040000
20130219040000
20130220040000
20130221040000
20130222040000
20130223040000
20130224040000
20130225040000
20130226040000
20130227040000
20130228040000
20130301040000
20130302040000
20130303040000
20130304040000
20130305040000
20130306040000
20130307040000
20130308040000
20130309040000
20130310040000
20130311040000
20130312040000
20130313040000
20130314040000
20130315040000
20130316040000
20130317040000
20130318040000
20130319040000
20130320040000
20130321040000
20130322040000
20130323040000
20130324040000
20130325040000
20130326040000
20130327040000
20130328040000
20130329040000
20130330040000
20130331040000
20130401040000
20130402040000
20130403040000
20130404040000
20130405040000
20130406040000
20130407040000
20130408040000
20130409040000
20130410040000
20130411040000
20130412040000
20130413040000
20130414040000
20130415040000
20130416040000
20130417040000
20130418040000
20130419040000
20130420040000
20130421040000
20130422040000
20130423040000
20130424040000
20130425040000
20130426040000
20130427040000
20130428040000
20130429040000
20130430040000
20130501040000
20130502040000
20130503040000
20130504040000
20130505040000
20130506040000
20130507040000
20130508040000
20130509040000
20130510040000
20130511040000
20130512040000
20130513040000
20130514040000
20130515040000
20130516040000
20130517040000
20130518040000
20130519040000
20130520040000
20130521040000
20130522040000
20130523040000
20130524040000
20130525040000
20130526040000
20130527040000
20130528040000
20130529040000
20130530040000
20130531040000
20130601040000
20130602040000
20130603040000
20130604040000
20130605040000
20130606040000
20130607040000
20130608040000
20130609040000
20130610040000
20130611040000
20130612040000
20130613040000
20130614040000
20130615040000
20130616040000
20130617040000
20130618040000
20130619040000
20130620040000
20130621040000
20130622040000
20130623040000
20130624040000
20130625040000
20130626040000
20130627040000
20130628040000
20130629040000
20130630040000
20130701040000
20130702040000
20130703040000
20130704040000
20130705040000
20130706040000
20130707040000
20130708040000
20130709040000
20130710040000
20130711040000
20130712040000
20130713040000
20130714040000
20130715040000
20130716040000
20130717040000
20130718040000
20130719040000
20130720040000
20130721040000
20130722040000
20130723040000
20130724040000
20130725040000
20130726040000
20130727040000
20130728040000
20130729040000
20130730040000
20130731040000
20130801040000
20130802040000
20130803040000
20130804040000
20130805040000
20130806040000
20130807040000
20130808040000
20130809040000
20130810040000
20130811040000
20130812040000
20130813040000
20130814040000
20130815040000
20130816040000
20130817040000
20130818040000
20130819040000
20130820040000
20130821040000
20130822040000
20130823040000
20130824040000
20130825040000
20130826040000
20130827040000
20130828040000
20130829040000
20130830040000
20130831040000
20130901040000
20130902040000
20130903040000
20130904040000
20130905040000
20130906040000
20130907040000
20130908040000
20130909040000
20130910040000
20130911040000
20130912040000
20130913040000
20130914040000
20130915040000
20130916040000
20130917040000
20130918040000
20130919040000
20130920040000
20130921040000
20130922040000
20130923040000
20130924040000
20130925040000
20130926040000
20130927040000
20130928040000
20130929040000
20130930040000
20131001040000
20131002040000
20131003040000
20131004040000
20131005040000
20131006040000
20131007040000
20131008040000
20131009040000
20131010040000
20131011040000
20131012040000
20131013040000
20131014040000
20131015040000
20131016040000
20131017040000
20131018040000
20131019040000
20131020040000
20131021040000
20131022040000
20131023040000
20131024040000
20131025040000
20131026040000
20131027040000
20131028040000
20131029040000
20131030040000
20131031040000
20131101040000
20131102040000
20131103040000
20131104040000
20131105040000
20131106040000
20131107040000
20131108040000
20131109040000
20131110040000
20131111040000
20131112040000
20131113040000
20131114040000
20131115040000
20131116040000
20131117040000
20131118040000
20131119040000
20131120040000
20131121040000
20131122040000
20131123040000
20131124040000
20131125040000
20131126040000
20131127040000
20131128040000
20131129040000
20131130040000
20131201040000
20131202040000
20131203040000
20131204040000
20131205040000
20131206040000
20131207040000
20131208040000
20131209040000
20131210040000
20131211040000
20131212040000
20131213040000
20131214040000
20131215040000
20131216040000
20131217040000
20131218040000
20131219040000
20131220040000
20131221040000
20131222040000
20131223040000
20131224040000
20131225040000
20131226040000
20131227040000
20131228040000
20131229040000
20131230040000
20131231040000
20140101040000
20140102040000
20140103040000
20140104040000
20140105040000
20140106040000
20140107040000
20140108040000
20140109040000
20140110040000
20140111040000
20140112040000
20140113040000
20140114040000
20140115040000
20140116040000
20140117040000
20140118040000
20140119040000
20140120040000
20140121040000
20140122040000
20140123040000
20140124040000
20140125040000
20140126040000
20140127040000
20140128040000
20140129040000
20140130040000
20140131040000
20140201040000
20140202040000
20140203040000
20140204040000
20140205040000
20140206040000
20140207040000
20140208040000
20140209040000
20140210040000
20140211040000
20140212040000
20140213040000
20140214040000
20140215040000
20140216040000
20140217040000
20140218040000
20140219040000
20140220040000
20140221040000
20140222040000
20140223040000
20140224040000
20140225040000
20140226040000
20140227040000
20140228040000
20140301040000
20140302040000
20140303040000
20140304040000
20140305040000
20140306040000
20140307040000
20140308040000
20140309040000
20140310040000
20140311040000
20140312040000
20140313040000
20140314040000
20140315040000
20140316040000
20140317040000
20140318040000
20140319040000
20140320040000
20140321040000
20140322040000
20140323040000
20140324040000
20140325040000
20140326040000
20140327040000
20140328040000
20140329040000
20140330040000
20140331040000
20140401040000
20140402040000
20140403040000
20140404040000
20140405040000
20140406040000
20140407040000
20140408040000
20140409040000
20140410040000
20140411040000
20140412040000
20140413040000
20140414040000
20140415040000
20140416040000
20140417040000
20140418040000
20140419040000
20140420040000
20140421040000
20140422040000
20140423040000
20140424040000
20140425040000
20140426040000
20140427040000
20140428040000
20140429040000
20140430040000
20140501040000
20140502040000
20140503040000
20140504040000
20140505040000
20140506040000
20140507040000
20140508040000
20140509040000
20140510040000
20140511040000
20140512040000
20140513040000
20140514040000
20140515040000
20140516040000
20140517040000
20140518040000
20140519040000
20140520040000
20140521040000
20140522040000
20140523040000
20140524040000
20140525040000
20140526040000
20140527040000
20140528040000
20140529040000
20140530040000
20140531040000
20140601040000
20140602040000
20140603040000
20140604040000
20140605040000
20140606040000
20140607040000
20140608040000
20140609040000
20140610040000
20140611040000
20140612040000
20140613040000
20140614040000
20140615040000
20140616040000
20140617040000
20140618040000
20140619040000
20140620040000
20140621040000
20140622040000
20140623040000
20140624040000
20140625040000
20140626040000
20140627040000
20140628040000
20140629040000
20140630040000
20140701040000
20140702040000
20140703040000
20140704040000
20140705040000
20140706040000
20140707040000
20140708040000
20140709040000
20140710040000
20140711040000
20140712040000
20140713040000
20140714040000
20140715040000
20140716040000
20140717040000
20140718040000
20140719040000
20140720040000
20140721040000
20140722040000
20140723040000
20140724040000
20140725040000
20140726040000
20140727040000
20140728040000
20140729040000
20140730040000
20140731040000
20140801040000
20140802040000
20140803040000
20140804040000
20140805040000
20140806040000
20140807040000
20140808040000
20140809040000
20140810040000
20140811040000
20140812040000
20140813040000
20140814040000
20140815040000
20140816040000
20140817040000
20140818040000
20140819040000
20140820040000
20140821040000
20140822040000
20140823040000
20140824040000
20140825040000
20140826040000
20140827040000
20140828040000
20140829040000
20140830040000
20140831040000
20140901040000
20140902040000
20140903040000
20140904040000
20140905040000
20140906040000
20140907040000
20140908040000
20140909040000
20140910040000
20140911040000
20140912040000
20140913040000
20140914040000
20140915040000
20140916040000
20140917040000
20140918040000
20140919040000
20140920040000
20140921040000
20140922040000
20140923040000
20140924040000
20140925040000
20140926040000
20140927040000
20140928040000
20140929040000
20140930040000
20141001040000
20141002040000
20141003040000
20141004040000
20141005040000
20141006040000
20141007040000
20141008040000
20141009040000
20141010040000
20141011040000
20141012040000
20141013040000
20141014040000
20141015040000
20141016040000
20141017040000
20141018040000
20141019040000
20141020040000
20141021040000
20141022040000
20141023040000
20141024040000
20141025040000
20141026040000
20141027040000
20141028040000
20141029040000
20141030040000
20141031040000
20141101040000
20141102040000
20141103040000
20141104040000
20141105040000
20141106040000
20141107040000
20141108040000
20141109040000
20141110040000
20141111040000
20141112040000
20141113040000
20141114040000
20141115040000
20141116040000
20141117040000
20141118040000
20141119040000
20141120040000
20141121040000
20141122040000
20141123040000
20141124040000
20141125040000
20141126040000
20141127040000
20141128040000
20141129040000
20141130040000
20141201040000
20141202040000
20141203040000
20141204040000
20141205040000
20141206040000
20141207040000
20141208040000
20141209040000
20141210040000
20141211040000
20141212040000
20141213040000
20141214040000
20141215040000
20141216040000
20141217040000
20141218040000
20141219040000
20141220040000
20141221040000
20141222040000
20141223040000
20141224040000
20141225040000
20141226040000
20141227040000
20141228040000
20141229040000
20141230040000
20141231040000
20150101040000
20150102040000
20150103040000
20150104040000
20150105040000
20150106040000
20150107040000
20150108040000
20150109040000
20150110040000
20150111040000
20150112040000
20150113040000
20150114040000
20150115040000
20150116040000
20150117040000
20150118040000
20150119040000
20150120040000
20150121040000
20150122040000
20150123040000
20150124040000
20150125040000
20150126040000
20150127040000
20150128040000
20150129040000
20150130040000
20150131040000
20150201040000
20150202040000
20150203040000
20150204040000
20150205040000
20150206040000
20150207040000
20150208040000
20150209040000
20150210040000
20150211040000
20150212040000
20150213040000
20150214040000
20150215040000
20150216040000
20150217040000
20150218040000
20150219040000
20150220040000
20150221040000
20150222040000
20150223040000
20150224040000
20150225040000
20150226040000
20150227040000
20150228040000
20150301040000
20150302040000
20150303040000
20150304040000
20150305040000
20150306040000
20150307040000
20150308040000
20150309040000
20150310040000
20150311040000
20150312040000
20150313040000
20150314040000
20150315040000
20150316040000
20150317040000
20150318040000
20150319040000
20150320040000
20150321040000
20150322040000
20150323040000
20150324040000
20150325040000
20150326040000
20150327040000
20150328040000
20150329040000
20150330040000
20150331040000
20150401040000
20150402040000
20150403040000
20150404040000
20150405040000
20150406040000
20150407040000
20150408040000
20150409040000
20150410040000
20150411040000
20150412040000
20150413040000
20150414040000
20150415040000
20150416040000
20150417040000
20150418040000
20150419040000
20150420040000
20150421040000
20150422040000
20150423040000
20150424040000
20150425040000
20150426040000
20150427040000
20150428040000
20150429040000
20150430040000
20150501040000
20150502040000
20150503040000
20150504040000
20150505040000
20150506040000
20150507040000
20150508040000
20150509040000
20150510040000
20150511040000
20150512040000
20150513040000
20150514040000
20150515040000
20150516040000
20150517040000
20150518040000
20150519040000
20150520040000
20150521040000
20150522040000
20150523040000
20150524040000
20150525040000
20150526040000
20150527040000
20150528040000
20150529040000
20150530040000
20150531040000
20150601040000
20150602040000
20150603040000
20150604040000
20150605040000
20150606040000
20150607040000
20150608040000
20150609040000
20150610040000
20150611040000
20150612040000
20150613040000
20150614040000
20150615040000
20150616040000
20150617040000
20150618040000
20150619040000
20150620040000
20150621040000
20150622040000
20150623040000
20150624040000
20150625040000
20150626040000
20150627040000
20150628040000
20150629040000
20150630040000
20150701040000
20150702040000
20150703040000
20150704040000
20150705040000
20150706040000
20150707040000
20150708040000
20150709040000
20150710040000
20150711040000
20150712040000
20150713040000
20150714040000
20150715040000
20150716040000
20150717040000
20150718040000
20150719040000
20150720040000
20150721040000
20150722040000
20150723040000
20150724040000
20150725040000
20150726040000
20150727040000
20150728040000
20150729040000
20150730040000
20150731040000
20150801040000
20150802040000
20150803040000
20150804040000
20150805040000
20150806040000
20150807040000
20150808040000
20150809040000
20150810040000
20150811040000
20150812040000
20150813040000
20150814040000
20150815040000
20150816040000
20150817040000
20150818040000
20150819040000
20150820040000
20150821040000
20150822040000
20150823040000
20150824040000
20150825040000
20150826040000
20150827040000
20150828040000
20150829040000
20150830040000
20150831040000
20150901040000
20150902040000
20150903040000
20150904040000
20150905040000
20150906040000
20150907040000
20150908040000
20150909040000
20150910040000
20150911040000
20150912040000
20150913040000
20150914040000
20150915040000
20150916040000
20150917040000
20150918040000
20150919040000
20150920040000
20150921040000
20150922040000
20150923040000
20150924040000
20150925040000
20150926040000
20150927040000
20150928040000
20150929040000
20150930040000
20151001040000
20151002040000
20151003040000
20151004040000
20151005040000
20151006040000
20151007040000
20151008040000
20151009040000
20151010040000
20151011040000
20151012040000
20151013040000
20151014040000
20151015040000
20151016040000
20151017040000
20151018040000
20151019040000
20151020040000
20151021040000
20151022040000
20151023040000
20151024040000
20151025040000
20151026040000
20151027040000
20151028040000
20151029040000
20151030040000
20151031040000
20151101040000
20151102040000
20151103040000
20151104040000
20151105040000
20151106040000
20151107040000
20151108040000
20151109040000
20151110040000
20151111040000
20151112040000
20151113040000
20151114040000
20151115040000
20151116040000
20151117040000
20151118040000
20151119040000
20151120040000
20151121040000
20151122040000
20151123040000
20151124040000
20151125040000
20151126040000
20151127040000
20151128040000
20151129040000
20151130040000
20151201040000
20151202040000
20151203040000
20151204040000
20151205040000
20151206040000
20151207040000
20151208040000
20151209040000
20151210040000
20151211040000
20151212040000
20151213040000
20151214040000
20151215040000
20151216040000
20151217040000
20151218040000
20151219040000
20151220040000
20151221040000
20151222040000
20151223040000
20151224040000
20151225040000
20151226040000
20151227040000
20151228040000
20151229040000
20151230040000
20151231040000
20160101040000
20160102040000
20160103040000
20160104040000
20160105040000
20160106040000
20160107040000
20160108040000
20160109040000
20160110040000
20160111040000
20160112040000
20160113040000
20160114040000
20160115040000
20160116040000
20160117040000
20160118040000
20160119040000
20160120040000
20160121040000
20160122040000
20160123040000
20160124040000
20160125040000
20160126040000
20160127040000
20160128040000
20160129040000
20160130040000
20160131040000
20160201040000
20160202040000
20160203040000
20160204040000
20160205040000
20160206040000
20160207040000
20160208040000
20160209040000
20160210040000
20160211040000
20160212040000
20160213040000
20160214040000
20160215040000
20160216040000
20160217040000
20160218040000
20160219040000
20160220040000
20160221040000
20160222040000
20160223040000
20160224040000
20160225040000
20160226040000
20160227040000
20160228040000
20160229040000
20160301040000
20160302040000
20160303040000
20160304040000
20160305040000
20160306040000
20160307040000
20160308040000
20160309040000
20160310040000
20160311040000
20160312040000
20160313040000
20160314040000
20160315040000
20160316040000
20160317040000
20160318040000
20160319040000
20160320040000
20160321040000
20160322040000
20160323040000
20160324040000
20160325040000
20160326040000
20160327040000
20160328040000
20160329040000
20160330040000
20160331040000
20160401040000
20160402040000
20160403040000
20160404040000
20160405040000
20160406040000
20160407040000
20160408040000
20160409040000
20160410040000
20160411040000
20160412040000
20160413040000
20160414040000
20160415040000
20160416040000
20160417040000
20160418040000
20160419040000
20160420040000
20160421040000
20160422040000
20160423040000
20160424040000
20160425040000
20160426040000
20160427040000
20160428040000
20160429040000
20160430040000
20160501040000
20160502040000
20160503040000
20160504040000
20160505040000
20160506040000
20160507040000
20160508040000
20160509040000
20160510040000
20160511040000
20160512040000
20160513040000
20160514040000
20160515040000
20160516040000
20160517040000
20160518040000
20160519040000
20160520040000
20160521040000
20160522040000
20160523040000
20160524040000
20160525040000
20160526040000
20160527040000
20160528040000
20160529040000
20160530040000
20160531040000
20160601040000
20160602040000
20160603040000
20160604040000
20160605040000
20160606040000
20160607040000
20160608040000
20160609040000
20160610040000
20160611040000
20160612040000
20160613040000
20160614040000
20160615040000
20160616040000
20160617040000
20160618040000
20160619040000
20160620040000
20160621040000
20160622040000
20160623040000
20160624040000
20160625040000
20160626040000
20160627040000
20160628040000
20160629040000
20160630040000
20160701040000
20160702040000
20160703040000
20160704040000
20160705040000
20160706040000
20160707040000
20160708040000
20160709040000
20160710040000
20160711040000
20160712040000
20160713040000
20160714040000
20160715040000
20160716040000
20160717040000
20160718040000
20160719040000
20160720040000
20160721040000
20160722040000
20160723040000
20160724040000
20160725040000
20160726040000
20160727040000
20160728040000
20160729040000
20160730040000
20160731040000
20160801040000
20160802040000
20160803040000
20160804040000
20160805040000
20160806040000
20160807040000
20160808040000
20160809040000
20160810040000
20160811040000
20160812040000
20160813040000
20160814040000
20160815040000
20160816040000
20160817040000
20160818040000
20160819040000
20160820040000
20160821040000
20160822040000
20160823040000
20160824040000
20160825040000
20160826040000
20160827040000
20160828040000
20160829040000
20160830040000
20160831040000
20160901040000
20160902040000
20160903040000
20160904040000
20160905040000
20160906040000
20160907040000
20160908040000
20160909040000
20160910040000
20160911040000
20160912040000
20160913040000
20160914040000
20160915040000
20160916040000
20160917040000
20160918040000
20160919040000
20160920040000
20160921040000
20160922040000
20160923040000
20160924040000
20160925040000
20160926040000
20160927040000
20160928040000
20160929040000
20160930040000
20161001040000
20161002040000
20161003040000
20161004040000
20161005040000
20161006040000
20161007040000
20161008040000
20161009040000
20161010040000
20161011040000
20161012040000
20161013040000
20161014040000
20161015040000
20161016040000
20161017040000
20161018040000
20161019040000
20161020040000
20161021040000
20161022040000
20161023040000
20161024040000
20161025040000
20161026040000
20161027040000
20161028040000
20161029040000
20161030040000
20161031040000
20161101040000
20161102040000
20161103040000
20161104040000
20161105040000
20161106040000
20161107040000
20161108040000
20161109040000
20161110040000
20161111040000
20161112040000
20161113040000
20161114040000
20161115040000
20161116040000
20161117040000
20161118040000
20161119040000
20161120040000
20161121040000
20161122040000
20161123040000
20161124040000
20161125040000
20161126040000
20161127040000
20161128040000
20161129040000
20161130040000
20161201040000
20161202040000
20161203040000
20161204040000
20161205040000
20161206040000
20161207040000
20161208040000
20161209040000
20161210040000
20161211040000
20161212040000
20161213040000
20161214040000
20161215040000
20161216040000
20161217040000
20161218040000
20161219040000
20161220040000
20161221040000
20161222040000
20161223040000
20161224040000
20161225040000
20161226040000
20161227040000
20161228040000
20161229040000
20161230040000
20161231040000
20170101040000
20170102040000
20170103040000
20170104040000
20170105040000
20170106040000
20170107040000
20170108040000
20170109040000
20170110040000
20170111040000
20170112040000
20170113040000
20170114040000
20170115040000
20170116040000
20170117040000
20170118040000
20170119040000
20170120040000
20170121040000
20170122040000
20170123040000
20170124040000
20170125040000
20170126040000
20170127040000
20170128040000
20170129040000
20170130040000
20170131040000
20170201040000
20170202040000
20170203040000
20170204040000
20170205040000
20170206040000
20170207040000
20170208040000
20170209040000
20170210040000
20170211040000
20170212040000
20170213040000
20170214040000
20170215040000
20170216040000
20170217040000
20170218040000
20170219040000
20170220040000
20170221040000
20170222040000
20170223040000
20170224040000
20170225040000
20170226040000
20170227040000
20170228040000
20170301040000
20170302040000
20170303040000
20170304040000
20170305040000
20170306040000
20170307040000
20170308040000
20170309040000
20170310040000
20170311040000
20170312040000
20170313040000
20170314040000
20170315040000
20170316040000
20170317040000
20170318040000
20170319040000
20170320040000
20170321040000
20170322040000
20170323040000
20170324040000
20170325040000
20170326040000
20170327040000
20170328040000
20170329040000
20170330040000
20170331040000
20170401040000
20170402040000
20170403040000
20170404040000
20170405040000
20170406040000
20170407040000
20170408040000
20170409040000
20170410040000
20170411040000
20170412040000
20170413040000
20170414040000
20170415040000
20170416040000
20170417040000
20170418040000
20170419040000
20170420040000
20170421040000
20170422040000
20170423040000
20170424040000
20170425040000
20170426040000
20170427040000
20170428040000
20170429040000
20170430040000
20170501040000
20170502040000
20170503040000
20170504040000
20170505040000
20170506040000
20170507040000
20170508040000
20170509040000
20170510040000
20170511040000
20170512040000
20170513040000
20170514040000
20170515040000
20170516040000
20170517040000
20170518040000
20170519040000
20170520040000
20170521040000
20170522040000
20170523040000
20170524040000
20170525040000
20170526040000
20170527040000
20170528040000
20170529040000
20170530040000
20170531040000
20170601040000
20170602040000
20170603040000
20170604040000
20170605040000
20170606040000
20170607040000
20170608040000
20170609040000
20170610040000
20170611040000
20170612040000
20170613040000
20170614040000
20170615040000
20170616040000
20170617040000
20170618040000
20170619040000
20170620040000
20170621040000
20170622040000
20170623040000
20170624040000
20170625040000
20170626040000
20170627040000
20170628040000
20170629040000
20170630040000
20170701040000
20170702040000
20170703040000
20170704040000
20170705040000
20170706040000
20170707040000
20170708040000
20170709040000
20170710040000
20170711040000
20170712040000
20170713040000
20170714040000
20170715040000
20170716040000
20170717040000
20170718040000
20170719040000
20170720040000
20170721040000
20170722040000
20170723040000
20170724040000
20170725040000
20170726040000
20170727040000
20170728040000
20170729040000
20170730040000
20170731040000
20170801040000
20170802040000
20170803040000
20170804040000
20170805040000
20170806040000
20170807040000
20170808040000
20170809040000
20170810040000
20170811040000
20170812040000
20170813040000
20170814040000
20170815040000
20170816040000
20170817040000
20170818040000
20170819040000
20170820040000
20170821040000
20170822040000
20170823040000
20170824040000
20170825040000
20170826040000
20170827040000
20170828040000
20170829040000
20170830040000
20170831040000
20170901040000
20170902040000
20170903040000
20170904040000
20170905040000
20170906040000
20170907040000
20170908040000
20170909040000
20170910040000
20170911040000
20170912040000
20170913040000
20170914040000
20170915040000
20170916040000
20170917040000
20170918040000
20170919040000
20170920040000
20170921040000
20170922040000
20170923040000
20170924040000
20170925040000
20170926040000
20170927040000
20170928040000
20170929040000
20170930040000
20171001040000
20171002040000
20171003040000
20171004040000
20171005040000
20171006040000
20171007040000
20171008040000
20171009040000
20171010040000
20171011040000
20171012040000
20171013040000
20171014040000
20171015040000
20171016040000
20171017040000
20171018040000
20171019040000
20171020040000
20171021040000
20171022040000
20171023040000
20171024040000
20171025040000
20171026040000
20171027040000
20171028040000
20171029040000
20171030040000
20171031040000
20171101040000
20171102040000
20171103040000
20171104040000
20171105040000
20171106040000
20171107040000
20171108040000
20171109040000
20171110040000
20171111040000
20171112040000
20171113040000
20171114040000
20171115040000
20171116040000
20171117040000
20171118040000
20171119040000
20171120040000
20171121040000
20171122040000
20171123040000
20171124040000
20171125040000
20171126040000
20171127040000
20171128040000
20171129040000
20171130040000
20171201040000
20171202040000
20171203040000
20171204040000
20171205040000
20171206040000
20171207040000
20171208040000
20171209040000
20171210040000
20171211040000
20171212040000
20171213040000
20171214040000
20171215040000
20171216040000
20171217040000
20171218040000
20171219040000
20171220040000
20171221040000
20171222040000
20171223040000
20171224040000
20171225040000
20171226040000
20171227040000
20171228040000
20171229040000
20171230040000
20171231040000
20180101040000
20180102040000
20180103040000
20180104040000
20180105040000
20180106040000
20180107040000
20180108040000
20180109040000
20180110040000
20180111040000
20180112040000
20180113040000
20180114040000
20180115040000
20180116040000
20180117040000
20180118040000
20180119040000
20180120040000
20180121040000
20180122040000
20180123040000
20180124040000
20180125040000
20180126040000
20180127040000
20180128040000
20180129040000
20180130040000
20180131040000
20180201040000
20180202040000
20180203040000
20180204040000
20180205040000
20180206040000
20180207040000
20180208040000
20180209040000
20180210040000
20180211040000
20180212040000
20180213040000
20180214040000
20180215040000
20180216040000
20180217040000
20180218040000
20180219040000
20180220040000
20180221040000
20180222040000
20180223040000
20180224040000
20180225040000
20180226040000
20180227040000
20180228040000
20180301040000
20180302040000
20180303040000
20180304040000
20180305040000
20180306040000
20180307040000
20180308040000
20180309040000
20180310040000
20180311040000
20180312040000
20180313040000
20180314040000
20180315040000
20180316040000
20180317040000
20180318040000
20180319040000
20180320040000
20180321040000
20180322040000
20180323040000
20180324040000
20180325040000
20180326040000
20180327040000
20180328040000
20180329040000
20180330040000
20180331040000
20180401040000
20180402040000
20180403040000
20180404040000
20180405040000
20180406040000
20180407040000
20180408040000
20180409040000
20180410040000
20180411040000
20180412040000
20180413040000
20180414040000
20180415040000
20180416040000
20180417040000
20180418040000
20180419040000
20180420040000
20180421040000
20180422040000
20180423040000
20180424040000
20180425040000
20180426040000
20180427040000
20180428040000
20180429040000
20180430040000
20180501040000
20180502040000
20180503040000
20180504040000
20180505040000
20180506040000
20180507040000
20180508040000
20180509040000
20180510040000
20180511040000
20180512040000
20180513040000
20180514040000
20180515040000
20180516040000
20180517040000
20180518040000
20180519040000
20180520040000
20180521040000
20180522040000
20180523040000
20180524040000
20180525040000
20180526040000
20180527040000
20180528040000
20180529040000
20180530040000
20180531040000
20180601040000
20180602040000
20180603040000
20180604040000
20180605040000
20180606040000
20180607040000
20180608040000
20180609040000
20180610040000
20180611040000
20180612040000
20180613040000
20180614040000
20180615040000
20180616040000
20180617040000
20180618040000
20180619040000
20180620040000
20180621040000
20180622040000
20180623040000
20180624040000
20180625040000
20180626040000
20180627040000
20180628040000
20180629040000
20180630040000
20180701040000
20180702040000
20180703040000
20180704040000
20180705040000
20180706040000
20180707040000
20180708040000
20180709040000
20180710040000
20180711040000
20180712040000
20180713040000
20180714040000
20180715040000
20180716040000
20180717040000
20180718040000
20180719040000
20180720040000
20180721040000
20180722040000
20180723040000
20180724040000
20180725040000
20180726040000
20180727040000
20180728040000
20180729040000
20180730040000
20180731040000
20180801040000
20180802040000
20180803040000
20180804040000
20180805040000
20180806040000
20180807040000
20180808040000
20180809040000
20180810040000
20180811040000
20180812040000
20180813040000
20180814040000
20180815040000
20180816040000
20180817040000
20180818040000
20180819040000
20180820040000
20180821040000
20180822040000
20180823040000
20180824040000
20180825040000
20180826040000
20180827040000
20180828040000
20180829040000
20180830040000
20180831040000
20180901040000
20180902040000
20180903040000
20180904040000
20180905040000
20180906040000
20180907040000
20180908040000
20180909040000
20180910040000
20180911040000
20180912040000
20180913040000
20180914040000
20180915040000
20180916040000
20180917040000
20180918040000
20180919040000
20180920040000
20180921040000
20180922040000
20180923040000
20180924040000
20180925040000
20180926040000
20180927040000
20180928040000
20180929040000
20180930040000
20181001040000
20181002040000
20181003040000
20181004040000
20181005040000
20181006040000
20181007040000
20181008040000
20181009040000
20181010040000
20181011040000
20181012040000
20181013040000
20181014040000
20181015040000
20181016040000
20181017040000
20181018040000
20181019040000
20181020040000
20181021040000
20181022040000
20181023040000
20181024040000
20181025040000
20181026040000
20181027040000
20181028040000
20181029040000
20181030040000
20181031040000
20181101040000
20181102040000
20181103040000
20181104040000
20181105040000
20181106040000
20181107040000
20181108040000
20181109040000
20181110040000
20181111040000
20181112040000
20181113040000
20181114040000
20181115040000
20181116040000
20181117040000
20181118040000
20181119040000
20181120040000
20181121040000
20181122040000
20181123040000
20181124040000
20181125040000
20181126040000
20181127040000
20181128040000
20181129040000
20181130040000
20181201040000
20181202040000
20181203040000
20181204040000
20181205040000
20181206040000
20181207040000
20181208040000
20181209040000
20181210040000
20181211040000
20181212040000
20181213040000
20181214040000
20181215040000
20181216040000
20181217040000
20181218040000
20181219040000
20181220040000
20181221040000
20181222040000
20181223040000
20181224040000
20181225040000
20181226040000
20181227040000
20181228040000
20181229040000
20181230040000
20181231040000
20190101040000
20190102040000
20190103040000
20190104040000
20190105040000
20190106040000
20190107040000
20190108040000
20190109040000
20190110040000
20190111040000
20190112040000
20190113040000
20190114040000
20190115040000
20190116040000
20190117040000
20190118040000
20190119040000
20190120040000
20190121040000
20190122040000
20190123040000
20190124040000
20190125040000
20190126040000
20190127040000
20190128040000
20190129040000
20190130040000
20190131040000
20190201040000
20190202040000
20190203040000
20190204040000
20190205040000
20190206040000
20190207040000
20190208040000
20190209040000
20190210040000
20190211040000
20190212040000
20190213040000
20190214040000
20190215040000
20190216040000
20190217040000
20190218040000
20190219040000
20190220040000
20190221040000
20190222040000
20190223040000
20190224040000
20190225040000
20190226040000
20190227040000
20190228040000
20190301040000
20190302040000
20190303040000
20190304040000
20190305040000
20190306040000
20190307040000
20190308040000
20190309040000
20190310040000
20190311040000
20190312040000
20190313040000
20190314040000
20190315040000
20190316040000
20190317040000
20190318040000
20190319040000
20190320040000
20190321040000
20190322040000
20190323040000
20190324040000
20190325040000
20190326040000
20190327040000
20190328040000
20190329040000
20190330040000
20190331040000
20190401040000
20190402040000
20190403040000
20190404040000
20190405040000
20190406040000
20190407040000
20190408040000
20190409040000
20190410040000
20190411040000
20190412040000
20190413040000
20190414040000
20190415040000
20190416040000
20190417040000
20190418040000
20190419040000
20190420040000
20190421040000
20190422040000
20190423040000
20190424040000
20190425040000
20190426040000
20190427040000
20190428040000
20190429040000
20190430040000
20190501040000
20190502040000
20190503040000
20190504040000
20190505040000
20190506040000
20190507040000
20190508040000
20190509040000
20190510040000
20190511040000
20190512040000
20190513040000
20190514040000
20190515040000
20190516040000
20190517040000
20190518040000
20190519040000
20190520040000
20190521040000
20190522040000
20190523040000
20190524040000
20190525040000
20190526040000
20190527040000
20190528040000
20190529040000
20190530040000
20190531040000
20190601040000
20190602040000
20190603040000
20190604040000
20190605040000
20190606040000
20190607040000
20190608040000
20190609040000
20190610040000
20190611040000
20190612040000
20190613040000
20190614040000
20190615040000
20190616040000
20190617040000
20190618040000
20190619040000
20190620040000
20190621040000
20190622040000
20190623040000
20190624040000
20190625040000
20190626040000
20190627040000
20190628040000
20190629040000
20190630040000
20190701040000
20190702040000
20190703040000
20190704040000
20190705040000
20190706040000
20190707040000
20190708040000
20190709040000
20190710040000
20190711040000
20190712040000
20190713040000
20190714040000
20190715040000
20190716040000
20190717040000
20190718040000
20190719040000
20190720040000
20190721040000
20190722040000
20190723040000
20190724040000
20190725040000
20190726040000
20190727040000
20190728040000
20190729040000
20190730040000
20190731040000
20190801040000
20190802040000
20190803040000
20190804040000
20190805040000
20190806040000
20190807040000
20190808040000
20190809040000
20190810040000
20190811040000
20190812040000
20190813040000
20190814040000
20190815040000
20190816040000
20190817040000
20190818040000
20190819040000
20190820040000
20190821040000
20190822040000
20190823040000
20190824040000
20190825040000
20190826040000
20190827040000
20190828040000
20190829040000
20190830040000
20190831040000
20190901040000
20190902040000
20190903040000
20190904040000
20190905040000
20190906040000
20190907040000
20190908040000
20190909040000
20190910040000
20190911040000
20190912040000
20190913040000
20190914040000
20190915040000
20190916040000
20190917040000
20190918040000
20190919040000
20190920040000
20190921040000
20190922040000
20190923040000
20190924040000
20190925040000
20190926040000
20190927040000
20190928040000
20190929040000
20190930040000
20191001040000
20191002040000
20191003040000
20191004040000
20191005040000
20191006040000
20191007040000
20191008040000
20191009040000
20191010040000
20191011040000
20191012040000
20191013040000
20191014040000
20191015040000
20191016040000
20191017040000
20191018040000
20191019040000
20191020040000
20191021040000
20191022040000
20191023040000
20191024040000
20191025040000
20191026040000
20191027040000
20191028040000
20191029040000
20191030040000
20191031040000
20191101040000
20191102040000
20191103040000
20191104040000
20191105040000
20191106040000
20191107040000
20191108040000
20191109040000
20191110040000
20191111040000
20191112040000
20191113040000
20191114040000
20191115040000
20191116040000
20191117040000
20191118040000
20191119040000
20191120040000
20191121040000
20191122040000
20191123040000
20191124040000
20191125040000
20191126040000
20191127040000
20191128040000
20191129040000
20191130040000
20191201040000
20191202040000
20191203040000
20191204040000
20191205040000
20191206040000
20191207040000
20191208040000
20191209040000
20191210040000
20191211040000
20191212040000
20191213040000
20191214040000
20191215040000
20191216040000
20191217040000
20191218040000
20191219040000
20191220040000
20191221040000
20191222040000
20191223040000
20191224040000
20191225040000
20191226040000
20191227040000
20191228040000
20191229040000
20191230040000
20191231040000
20200101040000
20200102040000
20200103040000
20200104040000
20200105040000
20200106040000
20200107040000
20200108040000
20200109040000
20200110040000
20200111040000
20200112040000
20200113040000
20200114040000
20200115040000
20200116040000
20200117040000
20200118040000
20200119040000
20200120040000
20200121040000
20200122040000
20200123040000
20200124040000
20200125040000
20200126040000
20200127040000
20200128040000
20200129040000
20200130040000
20200131040000
20200201040000
20200202040000
20200203040000
20200204040000
20200205040000
20200206040000
20200207040000
20200208040000
20200209040000
20200210040000
20200211040000
20200212040000
20200213040000
20200214040000
20200215040000
20200216040000
20200217040000
20200218040000
20200219040000
20200220040000
20200221040000
20200222040000
20200223040000
20200224040000
20200225040000
20200226040000
20200227040000
20200228040000
20200229040000
20200301040000
20200302040000
20200303040000
20200304040000
20200305040000
20200306040000
20200307040000
20200308040000
20200309040000
20200310040000
20200311040000
20200312040000
20200313040000
20200314040000
20200315040000
20200316040000
20200317040000
20200318040000
20200319040000
20200320040000
20200321040000
20200322040000
20200323040000
20200324040000
20200325040000
20200326040000
20200327040000
20200328040000
20200329040000
20200330040000
20200331040000
20200401040000
20200402040000
20200403040000
20200404040000
20200405040000
20200406040000
20200407040000
20200408040000
20200409040000
20200410040000
20200411040000
20200412040000
20200413040000
20200414040000
20200415040000
20200416040000
20200417040000
20200418040000
20200419040000
20200420040000
20200421040000
20200422040000
20200423040000
20200424040000
20200425040000
20200426040000
20200427040000
20200428040000
20200429040000
20200430040000
20200501040000
20200502040000
20200503040000
20200504040000
20200505040000
20200506040000
20200507040000
20200508040000
20200509040000
20200510040000
20200511040000
20200512040000
20200513040000
20200514040000
20200515040000
20200516040000
20200517040000
20200518040000
20200519040000
20200520040000
20200521040000
20200522040000
20200523040000
20200524040000
20200525040000
20200526040000
20200527040000
20200528040000
20200529040000
20200530040000
20200531040000
20200601040000
20200602040000
20200603040000
20200604040000
20200605040000
20200606040000
20200607040000
20200608040000
20200609040000
20200610040000
20200611040000
20200612040000
20200613040000
20200614040000
20200615040000
20200616040000
20200617040000
20200618040000
20200619040000
20200620040000
20200621040000
20200622040000
20200623040000
20200624040000
20200625040000
20200626040000
20200627040000
20200628040000
20200629040000
20200630040000
20200701040000
20200702040000
20200703040000
20200704040000
20200705040000
20200706040000
20200707040000
20200708040000
20200709040000
20200710040000
20200711040000
20200712040000
20200713040000
20200714040000
20200715040000
20200716040000
20200717040000
20200718040000
20200719040000
20200720040000
20200721040000
20200722040000
20200723040000
20200724040000
20200725040000
20200726040000
20200727040000
20200728040000
20200729040000
20200730040000
20200731040000
20200801040000
20200802040000
20200803040000
20200804040000
20200805040000
20200806040000
20200807040000
20200808040000
20200809040000
20200810040000
20200811040000
20200812040000
20200813040000
20200814040000
20200815040000
20200816040000
20200817040000
20200818040000
20200819040000
20200820040000
20200821040000
20200822040000
20200823040000
20200824040000
20200825040000
20200826040000
20200827040000
20200828040000
20200829040000
20200830040000
20200831040000
20200901040000
20200902040000
20200903040000
20200904040000
20200905040000
20200906040000
20200907040000
20200908040000
20200909040000
20200910040000
20200911040000
20200912040000
20200913040000
20200914040000
20200915040000
20200916040000
20200917040000
20200918040000
20200919040000
20200920040000
20200921040000
20200922040000
20200923040000
20200924040000
20200925040000
20200926040000
20200927040000
20200928040000
20200929040000
20200930040000
20201001040000
20201002040000
20201003040000
20201004040000
20201005040000
20201006040000
20201007040000
20201008040000
20201009040000
20201010040000
20201011040000
20201012040000
20201013040000
20201014040000
20201015040000
20201016040000
20201017040000
20201018040000
20201019040000
20201020040000
20201021040000
20201022040000
20201023040000
20201024040000
20201025040000
20201026040000
20201027040000
20201028040000
20201029040000
20201030040000
20201031040000
20201101040000
20201102040000
20201103040000
20201104040000
20201105040000
20201106040000
20201107040000
20201108040000
20201109040000
20201110040000
20201111040000
20201112040000
20201113040000
20201114040000
20201115040000
20201116040000
20201117040000
20201118040000
20201119040000
20201120040000
20201121040000
20201122040000
20201123040000
20201124040000
20201125040000
20201126040000
20201127040000
20201128040000
20201129040000
20201130040000
20201201040000
20201202040000
20201203040000
20201204040000
20201205040000
20201206040000
20201207040000
20201208040000
20201209040000
20201210040000
20201211040000
20201212040000
20201213040000
20201214040000
20201215040000
20201216040000
20201217040000
20201218040000
20201219040000
20201220040000
20201221040000
20201222040000
20201223040000
20201224040000
20201225040000
20201226040000
20201227040000
20201228040000
20201229040000
20201230040000
20201231040000
20210101040000
20210102040000
20210103040000
20210104040000
20210105040000
20210106040000
20210107040000
20210108040000
20210109040000
20210110040000
20210111040000
20210112040000
20210113040000
20210114040000
20210115040000
20210116040000
20210117040000
20210118040000
20210119040000
20210120040000
20210121040000
20210122040000
20210123040000
20210124040000
20210125040000
20210126040000
20210127040000
20210128040000
20210129040000
20210130040000
20210131040000
20210201040000
20210202040000
20210203040000
20210204040000
20210205040000
20210206040000
20210207040000
20210208040000
20210209040000
20210210040000
20210211040000
20210212040000
20210213040000
20210214040000
20210215040000
20210216040000
20210217040000
20210218040000
20210219040000
20210220040000
20210221040000
20210222040000
20210223040000
20210224040000
20210225040000
20210226040000
20210227040000
20210228040000
20210301040000
20210302040000
20210303040000
20210304040000
20210305040000
20210306040000
20210307040000
20210308040000
20210309040000
20210310040000
20210311040000
20210312040000
20210313040000
20210314040000
20210315040000
20210316040000
20210317040000
20210318040000
20210319040000
20210320040000
20210321040000
20210322040000
20210323040000
20210324040000
20210325040000
20210326040000
20210327040000
20210328040000
20210329040000
20210330040000
20210331040000
20210401040000
20210402040000
20210403040000
20210404040000
20210405040000
20210406040000
20210407040000
20210408040000
20210409040000
20210410040000
20210411040000
20210412040000
20210413040000
20210414040000
20210415040000
20210416040000
20210417040000
20210418040000
20210419040000
20210420040000
20210421040000
20210422040000
20210423040000
20210424040000
20210425040000
20210426040000
20210427040000
20210428040000
20210429040000
20210430040000
20210501040000
20210502040000
20210503040000
20210504040000
20210505040000
20210506040000
20210507040000
20210508040000
20210509040000
20210510040000
20210511040000
20210512040000
20210513040000
20210514040000
20210515040000
20210516040000
20210517040000
20210518040000
20210519040000
20210520040000
20210521040000
20210522040000
20210523040000
20210524040000
20210525040000
20210526040000
20210527040000
20210528040000
20210529040000
20210530040000
20210531040000
20210601040000
20210602040000
20210603040000
20210604040000
20210605040000
20210606040000
20210607040000
20210608040000
20210609040000
20210610040000
20210611040000
